Record Nn' Vn' Fn' On'  Nv   Vv  Fv' Ov' No' Vo' Fo'  Q Se   Q +P   V Se   V +P  V FPR
 100  1900   1   0 187   0    0   0   0   1   0   0  99.95  91.04   0.00      -  0.000
 101  1520   0   2 130   0    0   0   0   1   0   0  99.93  92.13      -      -  0.000
 102     0   3 1817 156   0    0   0   0   1   0   0  99.95  92.11   0.00      -  0.000
 103  1729   0   0 170   0    0   0   0   0   0   0 100.00  91.05      -      -  0.000
 104    98   1 1756 197   0    0   0   0   0   0   2  99.89  90.40   0.00      -  0.000
 105  2103  29   5 381   0    0   0   0  18   0   0  99.16  84.87   0.00      -  0.000
 106  1235 431   0 140   0    0   0   0   1  29   0  98.23  92.25   0.00      -  0.000
 107     0  55 1727 496   0    0   0   0   0   2   0  99.89  78.23   0.00      -  0.000
 108  1447  13   2 593   0    0   0   0  18   0   0  98.78  71.14   0.00      -  0.000
 109  2066  31   0 432   0    0   0   0   1   1   0  99.90  82.92   0.00      -  0.000
 111  1774   1   0 373   0    0   0   0   1   0   0  99.94  82.64   0.00      -  0.000
 112  2111   0   0 255   0    0   0   0   0   0   0 100.00  89.22      -      -  0.000
 113  1505   0   0 171   0    0   0   0   1   0   0  99.93  89.80      -      -  0.000
 114  1569  30   4 182   0    0   0   0   1   0   0  99.94  89.80   0.00      -  0.000
 115  1637   0   0 182   0    0   0   0   0   0   0 100.00  89.99      -      -  0.000
 116  1900  95   0 211   0    0   0   0  19   3   0  98.91  90.44   0.00      -  0.000
 117  1284   0   0 173   0    0   0   0   0   0   0 100.00  88.13      -      -  0.000
 118  1903  13   0 225   0    0   0   0   0   0   0 100.00  89.49   0.00      -  0.000
 119  1297 364   0 220   0    0   0   0   0   0   0 100.00  88.30   0.00      -  0.000
 121  1557   1   0 315   0    0   0   0   2   0   0  99.87  83.18   0.00      -  0.000
 122  2054   0   0 346   0    0   0   0   0   0   0 100.00  85.58      -      -  0.000
 123  1266   0   0 125   0    0   0   0   0   3   0  99.76  91.01   0.00      -  0.000
 124  1315  47   5 247   0    0   0   0   0   0   0 100.00  84.70   0.00      -  0.000
 200  1461 698   1 309   0    0   0   0   5   2   1  99.63  87.48   0.00      -  0.000
 201  1272 198   2 195   0    0   0   0  49   0   0  96.78  88.30   0.00      -  0.000
 202  1817  14   1 206   0    0   0   0  38   1   0  97.92  89.89   0.00      -  0.000
 203  1946 307   2 369   0    0   0   0 157  66   3  90.89  85.94   0.00      -  0.000
 205  2123  50  10 227   0    0   0   0   2  15   1  99.18  90.58   0.00      -  0.000
 207  1471 109   0 365   0    0   0   0  12   0   0  99.25  81.23   0.00      -  0.000
 208  1298 806 301 208   0    0   0   0  12  18   2  98.69  92.04   0.00      -  0.000
 209  2459   1   0 223   0    0   0   0  59   0   0  97.66  91.69   0.00      -  0.000
 210  2022 134   9 281   0    0   0   0   8  31   0  98.23  88.51   0.00      -  0.000
 212  2285   0   0 224   0    0   0   0   0   0   0 100.00  91.07      -      -  0.000
 213  2232 192 268 272   0    0   0   0   4   3   1  99.70  90.82   0.00      -  0.000
 214  1659 212   3 229   0    0   0   0   5   0   0  99.73  89.11   0.00      -  0.000
 215  2650 123   0 180   0    0   0   0  13   8   1  99.21  93.90   0.00      -  0.000
 217   235 135 1470 415   0    0   0   0   0   5   0  99.73  81.60   0.00      -  0.000
 219  1722  51   0 228   0    0   0   0   0   0   0 100.00  88.61   0.00      -  0.000
 220  1690   0   0 180   0    0   0   0   4   0   0  99.76  90.37      -      -  0.000
 221  1704 306   0 229   0    0   0   0   0  10   0  99.50  89.77   0.00      -  0.000
 222  2058   0   0 131   0    0   0   0  58   0   0  97.26  94.02      -      -  0.000
 223  1736 443   8 238   0    0   0   0   0  12   0  99.45  90.19   0.00      -  0.000
 228  1395 301   0 296   0    0   0   0   6   1   0  99.59  85.14   0.00      -  0.000
 230  1858   1   0 240   0    0   0   0   0   0   0 100.00  88.57   0.00      -  0.000
 231  1278   0   0 113   0    0   0   0   0   0   0 100.00  91.88      -      -  0.000
 232  1485   0   0 130   0    0   0   0   0   0   0 100.00  91.95      -      -  0.000
 233  1783 680   5 301   0    0   0   0  80  12   1  96.37  89.13   0.00      -  0.000
 234  2285   0   0 261   0    0   0   0   3   3   0  99.74  89.75   0.00      -  0.000
______________________________________________________________________________________
Sum   77194 5876 7398 11957   0    0   0   0 580 225  12
Gross                                                   99.11  88.33   0.00      -  0.000
Average                                                 99.22  88.33   0.00      -  0.000
Total QRS complexes: 91285  Total VEBs: 6101

Summary of results from 48 records
